$gun.transform = matrix3 [1.000000,-0.000000,-0.000000] [0.000000,0.980066,0.198669] [-0.000000,-0.198669,0.980067] [-0.048765,9.363362,11.648415]
$Holder.transform = matrix3 [1.000000,-0.000000,-0.000000] [0.000000,0.980066,0.198669] [-0.000000,-0.198669,0.980067] [-0.050481,8.875002,6.085218]
$viewNoseGun.transform = matrix3 [1.000000,-0.000000,-0.000000] [0.000000,0.980066,0.198669] [-0.000000,-0.198669,0.980067] [-0.195481,7.736000,5.499835]
$hat.transform = matrix3 [0.732616,-0.671892,0.108822] [0.662889,0.740605,0.109957] [-0.154473,-0.008420,0.987963] [-3.128353,8.907111,-1.358943]
$head.transform = matrix3 [0.749980,-0.660793,0.029763] [0.661259,0.750110,-0.008764] [-0.016535,0.026254,0.999520] [-3.217203,7.649093,-1.543902]
$DriverBody1.transform = matrix3 [0.749981,-0.660794,0.029763] [0.661259,0.750110,-0.008764] [-0.016535,0.026254,0.999520] [-2.593933,5.942021,-0.913422]
$hat1.transform = matrix3 [0.893229,0.442031,0.082220] [-0.448296,0.889578,0.087662] [-0.034392,-0.115160,0.992754] [2.207701,8.882320,-1.452767]
$head1.transform = matrix3 [0.888080,0.459687,0.002617] [-0.459398,0.887693,-0.030916] [-0.016535,0.026254,0.999520] [2.330310,7.627939,-1.643043]
$DriverBody2.transform = matrix3 [0.888081,0.459688,0.002617] [-0.459399,0.887694,-0.030916] [-0.016535,0.026254,0.999520] [1.944944,5.900929,-0.888717]
$DeckFlakBase.transform = matrix3 [1.000000,-0.000000,0.000000] [0.000000,0.999999,0.000000] [0.000000,-0.000000,1.000000] [-0.028676,5.516204,2.350886]
$germanArchi.transform = matrix3 [-1.000001,0.001407,-0.000000] [-0.001407,-1.000001,-0.000000] [0.000000,0.000000,1.000000] [-0.028241,5.357633,2.750001]
$Hat.transform = matrix3 [0.996665,-0.020500,0.079016] [0.011037,0.992907,0.118386] [-0.080883,-0.117119,0.989818] [-1.518134,6.708828,9.761220]
$Head.transform = matrix3 [1.000000,-0.000000,0.000000] [-0.000000,1.000000,-0.000000] [-0.000000,0.000000,1.000000] [-1.500000,5.448039,9.574766]
$DriverBody.transform = matrix3 [1.000000,0.000000,0.000000] [0.000000,1.000000,0.000000] [0.000000,0.000000,1.000000] [-1.500000,6.848040,9.874767]
$BenzTruckAA.transform = matrix3 [1.000000,0.000000,0.000000] [0.000000,1.000000,0.000000] [0.000000,0.000000,1.000000] [-0.028294,3.725282,7.053321]
