$gun.transform = matrix3 [1.000000,0.000000,0.000000] [0.000000,1.000000,0.000000] [0.000000,0.000000,1.000000] [-0.006291,1.193391,9.698328]
$viewNoseGun.transform = matrix3 [1.000000,0.000000,0.000000] [0.000000,1.000000,0.000000] [0.000000,0.000000,1.000000] [-0.300000,1.741004,4.148997]
$Base.transform = matrix3 [1.000000,0.000000,0.000000] [0.000000,1.000000,0.000000] [0.000000,0.000000,1.000000] [-0.300000,0.841004,5.348997]
$hat.transform = matrix3 [0.732616,-0.671892,0.108822] [0.662889,0.740604,0.109957] [-0.154473,-0.008420,0.987963] [-2.817873,3.169111,0.041201]
$head.transform = matrix3 [0.749980,-0.660793,0.029763] [0.661259,0.750110,-0.008764] [-0.016535,0.026254,0.999520] [-2.906719,1.911093,-0.143748]
$DriverBody.transform = matrix3 [0.749981,-0.660794,0.029763] [0.661259,0.750110,-0.008764] [-0.016535,0.026254,0.999520] [-2.283452,0.204022,0.486737]
$hat1.transform = matrix3 [0.893229,0.442031,0.082220] [-0.448296,0.889579,0.087662] [-0.034391,-0.115160,0.992753] [1.918176,3.185319,0.447403]
$head1.transform = matrix3 [0.888080,0.459687,0.002617] [-0.459399,0.887694,-0.030916] [-0.016535,0.026254,0.999520] [2.040787,1.930940,0.257120]
$DriverBody1.transform = matrix3 [0.888081,0.459688,0.002617] [-0.459399,0.887694,-0.030916] [-0.016535,0.026254,0.999520] [1.655425,0.203930,1.011449]
$F75mmMle.transform = matrix3 [1.000000,0.000000,0.000000] [0.000000,1.000000,0.000000] [0.000000,0.000000,1.000000] [-0.000195,0.000209,0.000048]
