$locomotive.transform = matrix3 [1.000000,0.000000,0.000000] [0.000000,1.000000,0.000000] [0.000000,0.000000,1.000000] [-0.043789,-4.453572,-0.051345]
$coalCar.transform = matrix3 [1.000000,0.000000,0.000000] [0.000000,1.000000,0.000000] [0.000000,0.000000,1.000000] [-0.101763,-8.499996,-39.079365]
$gun.transform = matrix3 [1.000000,0.000000,0.000000] [0.000000,1.000000,-0.000891] [0.000000,0.000891,1.000000] [0.007178,-8.561322,-66.092216]
$viewpt.transform = matrix3 [1.000000,0.000000,0.000000] [0.000000,1.000000,-0.000000] [0.000000,0.000000,1.000000] [3.314550,-8.089830,-81.174812]
$boforsTurret.transform = matrix3 [1.000000,0.000000,0.000000] [0.000000,1.000000,-0.000000] [0.000000,0.000000,1.000000] [-0.000490,-9.982029,-79.060028]
$boforsGun.transform = matrix3 [1.000000,0.000000,0.000000] [0.000000,1.000000,0.000000] [0.000000,0.000000,1.000000] [-0.000490,-9.982029,-79.060028]
$flatbedCar1.transform = matrix3 [1.000000,0.000000,0.000000] [0.000000,1.000000,0.000000] [0.000000,0.000000,1.000000] [-0.101763,-16.400009,-76.078804]
$Crates4.transform = matrix3 [0.194733,0.980857,-0.002541] [-0.980854,0.194738,0.002324] [0.002774,0.002040,0.999995] [-1.813495,-6.763850,-111.646759]
$Crates3.transform = matrix3 [-0.033418,-0.999366,0.012403] [0.999417,-0.033326,0.007584] [-0.007166,0.012650,0.999895] [-0.768787,-6.500711,-131.856216]
$Crates2.transform = matrix3 [0.165801,-0.986067,0.013662] [0.986134,0.165883,0.004969] [-0.007166,0.012650,0.999895] [-0.721526,-13.100009,-131.939606]
$Crates1.transform = matrix3 [0.070737,0.997495,0.000000] [-0.997495,0.070737,0.000000] [0.000000,0.000000,1.000000] [-2.000000,-13.300009,-111.798676]
$flatbedCar2.transform = matrix3 [1.000000,0.000000,0.000000] [0.000000,1.000000,0.000000] [0.000000,0.000000,1.000000] [-0.101763,-16.500008,-121.578110]
$woodenCar1.transform = matrix3 [1.000000,0.000000,0.000000] [0.000000,1.000000,0.000000] [0.000000,0.000000,1.000000] [-0.101763,-6.399999,-165.480453]
$steelCar1.transform = matrix3 [1.000000,0.000000,0.000000] [0.000000,1.000000,0.000000] [0.000000,0.000000,1.000000] [-0.101763,-6.399999,-208.500076]
$gun1.transform = matrix3 [0.222980,0.974572,0.022373] [-0.969699,0.224099,-0.097292] [-0.099833,-0.000000,0.995003] [-12.479239,1.413765,-274.888428]
$viewMG1.transform = matrix3 [0.226067,0.973848,0.022682] [-0.968983,0.227202,-0.097223] [-0.099833,0.000000,0.995003] [-8.212331,2.227557,-275.879730]
$MG1.transform = matrix3 [-0.226067,-0.973848,-0.022682] [0.968983,-0.227202,0.097223] [-0.099833,0.000000,0.995004] [-8.852677,1.486639,-275.714539]
$gun2.transform = matrix3 [0.125686,0.992074,0.000000] [-0.992071,0.125685,0.000002] [-0.000000,-0.000000,1.000000] [-13.438094,0.733905,-245.697433]
$viewMG2.transform = matrix3 [0.128844,0.991665,0.000000] [-0.991665,0.128845,0.000000] [-0.000000,-0.000000,1.000000] [-9.033879,1.117652,-246.251480]
$MG2.transform = matrix3 [-0.128845,-0.991665,0.000000] [0.991665,-0.128845,0.000000] [0.000000,0.000000,1.000000] [-9.757957,0.444362,-246.157501]
$gun3.transform = matrix3 [0.032384,-0.999482,0.000000] [0.999477,0.032384,0.000002] [0.000000,0.000000,1.000000] [13.492213,1.433905,-264.179260]
$viewMG3.transform = matrix3 [0.029200,-0.999574,0.000000] [0.999574,0.029199,0.000000] [0.000000,0.000000,1.000000] [9.055724,1.817653,-264.326904]
$MG3.transform = matrix3 [-0.029200,0.999574,0.000000] [-0.999574,-0.029199,0.000000] [0.000000,0.000000,1.000000] [9.785538,1.144362,-264.304993]
$armouredCarriage1.transform = matrix3 [1.000000,0.000000,0.000000] [0.000000,1.000000,0.000000] [0.000000,0.000000,1.000000] [-0.101763,-2.199998,-260.286224]
$Crates5.transform = matrix3 [-0.327274,-0.944893,0.008471] [0.944893,-0.327169,0.011815] [-0.008393,0.011871,0.999895] [-0.432743,-13.000008,-327.473358]
$Crates4.transform = matrix3 [0.169967,0.985450,0.000000] [-0.985450,0.169967,0.000000] [0.000000,0.000000,1.000000] [1.300000,-13.000009,-307.309998]
$flatbedCar3.transform = matrix3 [1.000000,0.000000,0.000000] [0.000000,1.000000,0.000000] [0.000000,0.000000,1.000000] [-0.101763,-16.000008,-312.789429]
$flatbedCar4.transform = matrix3 [1.000000,0.000000,0.000000] [0.000000,1.000000,0.000000] [0.000000,0.000000,1.000000] [-0.101763,-16.000023,-358.192200]
$flatbedCar5.transform = matrix3 [1.000000,0.000000,0.000000] [0.000000,1.000000,0.000000] [0.000000,0.000000,1.000000] [-0.101763,-16.500025,-402.594910]
$steelCar2.transform = matrix3 [1.000000,0.000000,0.000000] [0.000000,1.000000,0.000000] [0.000000,0.000000,1.000000] [-0.101763,-6.600000,-446.200958]
$steelCar3.transform = matrix3 [1.000000,0.000000,0.000000] [0.000000,1.000000,0.000000] [0.000000,0.000000,1.000000] [-0.101763,-6.300001,-487.800110]
$steelCar4.transform = matrix3 [1.000000,0.000000,0.000000] [0.000000,1.000000,0.000000] [0.000000,0.000000,1.000000] [-0.101763,-6.100000,-529.000061]
$steelCar5.transform = matrix3 [1.000000,0.000000,0.000000] [0.000000,1.000000,0.000000] [0.000000,0.000000,1.000000] [-0.101763,-6.100001,-570.500061]
$GermanGunTrain.transform = matrix3 [1.000000,0.000000,0.000000] [0.000000,1.000000,0.000000] [0.000000,0.000000,1.000000] [-0.043789,-0.653574,-5.251342]
