$viewpoint.transform = matrix3 [1.000000,0.000000,0.000000] [0.000000,1.000000,0.000000] [0.000000,0.000000,1.000000] [1.022444,-6.555527,19.989937]
$ControlTower.transform = matrix3 [1.000000,0.000000,0.000000] [0.000000,1.000000,0.000000] [0.000000,0.000000,1.000000] [0.000000,124.509354,25.200001]
$wire2.transform = matrix3 [1.000000,0.000000,-0.000000] [-0.000000,0.975241,0.221157] [-0.000000,-0.221157,0.975237] [0.478204,-3062.744873,692.484253]
$wire.transform = matrix3 [1.000000,0.000000,-0.000000] [-0.000000,0.975241,0.221157] [-0.000000,-0.221157,0.975241] [0.478204,-3062.745117,692.484619]
$VisBalloon.transform = matrix3 [1.000000,0.000000,0.000000] [0.000000,1.000000,0.000000] [0.000000,0.000000,1.000000] [0.700952,18.623644,22.484152]
$gun12.transform = matrix3 [1.000000,0.000000,0.000000] [-0.000000,0.923881,0.382673] [-0.000000,-0.382674,0.923884] [-59.050133,-7.502747,-54.587292]
$viewpt.transform = matrix3 [1.000000,0.000000,0.000000] [0.000000,0.923884,0.382674] [0.000000,-0.382674,0.923884] [-58.000000,-10.015855,-67.102310]
$turret.transform = matrix3 [1.000000,0.000000,0.000000] [0.000000,1.000000,0.000000] [0.000000,0.000000,1.000000] [-58.000000,-11.344683,-62.954155]
$GKlaxon.transform = matrix3 [1.000000,0.000000,0.000000] [0.000000,1.000000,0.000000] [0.000000,0.000000,1.000000] [-58.043789,-14.451276,-64.317505]
$barbedWire1.transform = matrix3 [-0.537222,0.843103,-0.024081] [-0.786360,-0.490330,0.375788] [0.305019,0.220817,0.926395] [56.621593,-12.463400,44.581692]
$barbedWire2.transform = matrix3 [0.537202,-0.843190,0.021354] [0.809040,0.522271,0.269606] [-0.238479,-0.127555,0.962737] [53.582397,-12.407822,44.408615]
$collider.transform = matrix3 [0.537040,-0.843232,0.023532] [0.842816,0.535185,-0.056904] [0.035389,0.050393,0.998103] [55.981972,-9.669483,44.502655]
$woodenSupports.transform = matrix3 [0.537040,-0.843232,0.023532] [0.840290,0.537201,0.072965] [-0.074167,-0.019410,0.997058] [55.399498,-11.832375,44.071320]
$barbedWire.transform = matrix3 [0.537040,-0.843232,0.023532] [-0.841471,-0.533538,0.085231] [-0.059314,-0.065574,-0.996087] [55.303860,-9.026124,44.088722]
$gun11.transform = matrix3 [0.999923,0.000001,-0.012598] [0.003263,0.965875,0.258993] [0.012169,-0.259013,0.965800] [46.817127,-7.358084,46.290176]
$viewpt11.transform = matrix3 [1.000000,0.000000,0.000001] [0.000000,0.962785,0.270268] [0.000000,-0.270268,0.962785] [46.758053,-10.415297,34.282112]
$turret11.transform = matrix3 [1.000000,0.000000,0.000001] [0.000000,1.000000,0.000000] [0.000000,0.000000,1.000000] [44.976418,-11.348590,36.313118]
$g16.transform = matrix3 [1.000000,0.000000,0.000001] [0.000000,1.000000,0.000000] [0.000000,0.000000,1.000000] [45.042221,-13.366875,36.017643]
$GArchi.transform = matrix3 [1.000000,0.000000,0.000000] [0.000000,1.000000,0.000000] [0.000000,0.000000,1.000000] [45.000000,-11.821367,35.750000]
$obsballoong.transform = matrix3 [1.000000,0.000000,0.000000] [0.000000,1.000000,0.000000] [0.000000,0.000000,1.000000] [0.700952,-0.376356,20.384151]
